Testing Stock1.py Starts
   0   1   2   3   4
   5  10   4   6  12
nsquare_time_constant_space work = 10 Profit = 8
8
nlogn_time_logn_space work = 6 Profit = 8
n_time_logn_space work = 7 Profit = 8
   0   1   2   3   4   5
   7   1   5   3   6   4
nsquare_time_constant_space work = 15 Profit = 5
5
nlogn_time_logn_space work = 9 Profit = 5
n_time_logn_space work = 8 Profit = 5
---------- 100  ascending tests------------
99
nsquare_time_constant_space work 4950
nlogn_time_logn_space work 2500
n_time_constant_space work 102
ascending tests passed
---------- 100  descending tests------------
99
nsquare_time_constant_space work 4950
nlogn_time_logn_space work 2500
n_time_constant_space work 102
descending tests passed
---------- 100  same value tests------------
0
nsquare_time_constant_space work 4950
nlogn_time_logn_space work 2500
n_time_constant_space work 102
same value tests passed
---------- 500  random tests------------
202
202
202
202
202
202
202
200
202
201
202
202
202
202
202
202
202
201
202
202
201
202
201
202
202
202
198
202
202
202
202
202
202
202
202
202
202
202
202
200
202
202
202
202
202
200
202
201
202
202
201
202
202
202
201
202
202
201
201
202
201
202
202
201
200
202
202
201
200
201
202
202
202
202
201
202
200
202
202
202
202
202
202
202
202
201
202
201
202
199
202
202
202
201
202
202
202
201
201
202
202
202
201
202
202
202
201
200
202
201
201
202
202
202
200
201
202
202
201
202
201
201
202
202
202
202
200
202
202
202
202
202
202
202
201
202
202
202
202
201
202
202
202
202
202
202
202
201
202
202
202
202
202
202
200
202
202
202
202
201
202
202
197
202
202
202
202
201
201
201
202
201
202
202
202
202
201
202
202
201
202
202
200
200
202
202
202
201
201
202
201
201
202
202
201
201
201
200
202
202
201
202
202
202
202
202
202
202
202
202
202
202
201
202
202
202
202
202
202
202
202
201
202
202
201
202
202
199
202
202
202
201
202
201
201
202
202
202
202
201
202
201
202
202
202
202
202
202
200
201
202
202
202
201
202
202
201
202
202
202
200
202
202
200
202
202
202
201
201
202
202
201
199
202
202
202
202
202
201
202
202
202
202
202
202
202
202
202
202
202
202
202
202
201
202
202
202
200
202
202
202
201
201
202
202
202
202
202
202
202
200
201
202
199
202
202
202
202
202
202
202
202
202
202
202
201
202
202
202
200
202
200
202
202
202
202
202
202
201
202
202
201
201
202
202
202
202
202
202
202
201
202
202
201
202
202
201
198
202
202
202
201
202
202
201
202
202
202
202
202
202
202
202
200
202
201
202
202
202
202
202
201
201
202
202
201
202
202
202
201
202
202
202
202
201
202
202
202
202
201
202
202
202
202
201
201
202
202
202
202
202
202
201
201
201
202
202
202
202
202
202
202
202
202
202
201
202
202
202
202
202
202
202
202
200
201
201
202
202
200
202
202
201
201
202
202
202
202
202
202
202
202
202
202
202
202
202
201
201
201
202
202
202
202
201
202
202
202
202
202
202
202
202
202
202
202
202
201
202
201
201
200
199
201
202
201
201
202
202
202
202
202
201
202
202
201
202
201
201
202
nsquare_time_constant_space work 62375000
nlogn_time_logn_space work 31250000
n_time_constant_space work 251000
All 500 Random tests passed. You are a guru in stock trading
ALL TESTS PASSED
Testing Stock1.py Ends
Upload only Solution.py and output of the program as shown above
For A all tests must pass
